Ellips fit: 
 semi major axis: 0.324897
 eccentricity:    0.864359 axis ratio: 0.502875  error: 1.13978
 x-center:        -0.00268444
 y-center:        -0.000986122
 P.A.:            89.8661
